51095
6916
51144
62797
42561
64594
14255
20215
43572
49970
21749
20880
36209
60526
1406
30847
18011
45397
29295
2320
25842
57771
36646
36391
31671
8708
43788
64743
63205
43213
61033
17025
59031
24838
9359
17075
33952
41272
31220
65050
12817
2912
19077
36175
27760
22449
59152
23677
50274
44211
28388
104
14439
11024
51318
42150
56173
44883
10231
24737
20938
46987
57442
18617
13488
21204
55910
18512
44538
1378
38762
21302
51462
24821
11602
18195
51955
32759
60582
35311
64022
42272
7661
39105
15033
35502
24355
63874
52299
48882
1781
28277
52813
8490
41931
36376
28063
50295
14334
39609
10765
20653
30248
22699
22184
19733
42874
53264
11910
32944
30122
8731
51380
59983
57813
34663
10789
28944
52316
63425
18642
51159
38711
4644
14680
35928
20281
28515
64797
10405
4254
20963
37883
44279
58241
31394
32434
47862
25716
3603
51236
48252
14263
50257
51217
18808
31200
58885
3001
42030
19011
48198
25826
9225
51537
27685
57172
56955
51911
43162
60762
46779
20518
3424
13925
39218
7854
19819
9401
10778
23650
1533
14746
49277
46211
65159
51092
37846
44239
52069
33263
31481
23830
14504
13300
13132
57602
165
23555
38785
38014
12822
39541
29096
23582
16803
15493
11640
122
11489
21737
57721
35924
53066
4057
14500
60612
46851
21555
17932
113
27956
30792
18932
14679
28447
21590
48860
54270
36752
24414
32436
448
22191
43766
36836
49596
20036
30794
53270
16365
13518
4542
41914
39827
28819
29271
29959
53282
3830
50024
53410
65065
19139
41957
32960
34556
18270
40802
7701
54712
5513
59244
8332
32177
33498
52555
50272
45299
56636
15724
56230
21490
4682
34496
25694
60912
9483
34658
50
59929
15904
17200
368
33911
57544
22817
63665
402
31867
32441
39981
36909
30199
28445
40318
17571
19659
47677
59513
50294
2862
53646
46621
29189
11806
8248
32250
41736
35590
3456
50809
52202
59254
28418
3602
42376
26145
13866
62561
30059
9164
26238
40672
35247
19964
37409
18897
7294
13725
64622
34536
38601
55460
61778
55516
10713
45095
2033
59745
656
15227
43463
20043
45950
26302
59851
48988
37560
4502
8861
20544
39369
19660
62607
3625
14251
28800
42440
40559
35369
41835
64724
51125
42055
25686
60023
18885
7685
56246
34540
62940
54690
19073
27444
33154
61272
38707
31972
15817
5411
26779
9247
25636
18435
14843
13505
31978
15991
35631
50902
64183
1017
38010
54318
15660
64045
28261
51950
1355
22959
17652
52252
602
11522
12504
777
34741
32631
37674
15378
65261
4906
5907
34807
5601
36789
45763
35350
37545
24089
29817
56417
46927
41238
35670
24961
4553
12964
42147
9465
55685
49970
24387
38947
47009
5228
40549
12839
12686
29509
60593
11898
21483
41727
53263
57768
40150
10214
61015
48378
13882
35861
41626
4010
2550
50662
13302
9620
5935
15817
14290
59461
12862
11212
58528
19975
17279
45788
46519
60261
29974
33921
57135
64673
6371
10801
46994
24204
30336
48435
38805
44668
63860
47665
19349
14581
14933
19833
16862
25445
13847
30653
14825
53245
22026
31811
38404
59630
5377
22487
12424
43755
31499
28454
64012
9056
1381
2610
54613
61036
3085
40186
27117
12426
17891
51781
44604
49510
42964
45041
1855
1449
48966
35752
17744
58863
37974
32407
54474
22235
39327
62905
60736
33422
48434
34391
50255
11234
7652
23010
4229
49435
35054
15746
59194
33576
51835
12034
1069
31192
8298
42477
17694
51519
7544
41927
60714
39578
58491
50338
38156
47202
31604
35067
25974
23335
46504
1609
55614
26781
50726
11293
13446
39184
25191
9000
42670
63147
43590
47548
40153
59066
2155
51442
46191
11442
26715
26227
30353
62036
30158
11212
10503
1384
57449
60542
36211
60145
40753
41774
65031
46924
62648
58176
32442
29442
4134
41605
48299
13044
60444
5429
41345
32999
54116
45271
51262
42155
22649
16432
23256
18267
45238
32173
25981
38617
10862
39640
40116
57566
50834
54554
45146
51176
1888
4532
13625
637
30156
65437
48045
41897
43855
28005
571
27521
19939
3628
10441
38258
7213
31411
4819
8432
10425
44476
40730
5475
47270
56471
16232
50422
60633
24821
44561
26786
47246
26492
50847
33666
32138
27139
52772
35184
35170
50248
3062
7882
14414
16809
26541
37218
36248
41195
43794
40824
65426
13301
208
19762
10654
58259
45306
3500
15032
40542
62925
22242
46540
11450
62147
24859
25515
22025
26973
12328
57528
29603
10101
34814
45748
61583
27899
23656
18831
45072
41255
64910
14658
1160
47932
26279
40571
21301
16267
59964
17616
64152
49309
5431
22326
51515
31872
12540
13095
45797
6498
51747
14405
23506
16729
7728
63903
5662
7526
13435
10125
38310
35302
42527
33055
42111
36107
1042
32560
46525
47225
16900
41224
14453
62622
18011
63461
55552
58485
33813
62266
32223
58840
28768
30788
16271
23326
27679
62438
4597
47452
57107
37543
31376
168
24457
57324
56167
9302
50289
16299
24209
15838
26845
36061
60734
37017
3368
28519
19915
44232
3124
1520
12919
53222
51142
24550
52416
50461
36628
4480
13183
29998
64425
17279
23313
24462
2990
58085
33280
55561
43811
42507
14728
1302
2166
9394
47774
37038
61841
11308
7590
42467
38551
14265
38804
59668
52061
48133
53819
33170
10938
64339
16993
51758
6956
56113
27611
49345
32016
46035
60897
16451
60584
4563
1838
32315
48812
44071
50570
52203
51872
28411
65134
50238
23437
65535
27049
33585
15241
57045
8855
20634
20985
37899
33758
212
7294
57163
52249
51381
57585
41506
31269
6328
41045
17429
34323
25774
61671
26469
59950
19193
11630
10084
44636
65306
8972
29361
25059
63791
12867
55448
41967
58678
58575
51685
48454
29662
19948
38588
1143
47467
15971
40171
44308
4115
55060
10414
2323
14482
21619
34166
11479
38836
57626
61745
18835
47177
48717
25305
6735
37130
23634
61774
3250
49998
58154
47496
45914
3186
54184
18372
54060
20148
35433
7694
31435
57687
38683
8302
64161
41299
43993
39825
59354
34261
55241
45783
11427
11498
22116
13872
20232
63142
22408
58215
52586
18099
13509
41428
42685
30530
54086
22251
50439
58222
53521
1599
9453
19524
15525
19539
52496
14630
14649
12657
13951
62607
11419
23786
58393
28463
4059
59818
64607
53174
46587
22392
42886
21280
26109
10418
19803
37547
58418
50927
7030
24528
62344
59930
14148
26039
